-1.547522013768765646e+03
-8.722406618458103367e+02
-1.026385973568509598e+03
-1.437110616167663466e+03
-9.677434591775028139e+02
-1.702194869581262083e+03
-1.495626005115139833e+03
-1.526734625618648124e+03
-1.563638320253140819e+03
-1.498201049221725498e+03
-1.286845563975492269e+03
-1.225470663796700364e+03
-1.236630791047593448e+03
-1.005963305299578565e+03
-1.080745141654621420e+03
-9.602211378952191581e+02
-8.369324819959290380e+02
-6.834688460942179518e+02
-2.629756531370507560e+02
-7.921128918692675143e+02
-7.767433239237561793e+02
-2.573981671247349823e+02
-3.944109390516269968e+02
-1.366405498886345811e+02
-2.623219664742627515e+02
-1.336369969567597309e+02
-1.218950220066986958e+03
-1.395514700606001043e+03
-1.346162426240818490e+02
-2.641569265788983785e+02
-2.978807859345313886e+02
-2.367267512659504405e+02
-1.348569617211423690e+02
-1.324431728856979475e+02
-3.806591358807328334e+02
-2.532773969761873332e+02
-6.594087881097189907e+00
-1.340512045915469912e+02
-5.774683668692795209e+02
-3.337846021706000101e+02
-4.961491140323150830e+02
-1.282848932759090417e+02
-3.583350217239635640e+02
-1.178960836340069704e+02
-2.355476257832634985e+02
-1.221350128972967042e+02
-2.931666278353642952e+02
-2.420002047268169463e+02
-2.838845161275593387e+00
-2.433703596413780303e+02
-1.225241288563767341e+02
-1.207378254832013766e+02
-2.034620484678943075e+00
-1.226889595946695408e+02
-1.205081065184542410e+02
-1.222364579970898717e+02
-2.215878024508497504e+02
-1.227078630140643156e+02
-4.309983895170328427e-01
-3.612079755026219914e+02
-1.207562310463677022e+02
-3.712821606498381470e+02
-2.499393081364445948e+02
-2.460921138332099929e+02
-2.321437747995084635e+02
-1.230695276991456524e+02
-1.157462753697076892e+02
-1.272715917560862380e+02
-1.294804754612256374e+02
-5.249390327115343702e+00
-2.009435724319973193e+00
-1.201980221863294247e+02
-1.261415466923017021e+02
-2.407165590707788567e+02
-2.406097050590020672e+02
-1.223274020958103705e+02
-1.166748274392989373e+02
-1.229842933042846198e+02
-2.541733449921110832e+02
-1.253810665784554885e+02
-1.197846868696151859e+02
-2.444614486637182722e+02
-2.369060327228993845e+00
-1.276426472125306901e+02
-1.278174582349263773e+02
-1.201519961056313832e+02
-1.222000570847259837e+02
-1.218683024196470797e+02
-1.508922470206024435e+00
-3.788291702643848566e+02
-2.497046375140454586e+02
-1.220063578192068121e+02
-1.320293788465880311e+02
-3.470248967991652762e+02
-1.240877684117704831e+02
-2.349084794107878622e+02
-1.243108650877756247e+02
-3.719309706823984243e+02
-1.266934133437122512e+02
-2.405543814580917967e+02
-3.659600949631604863e+02
-1.271644673824475547e+02
-1.316954671955746221e+02
-2.425241452301261518e+02
-2.298025529958083553e+02
-1.233972736471730514e+02
-1.241111089953026720e+02
-2.400495766011062528e+02
-1.306331694341420757e+02
-2.300130046422824819e+02
-1.210423279500033402e+02
-1.224207854673641833e+02
-1.184543621087183425e+02
-2.341581795903533703e+02
-1.335095071280453851e+02
-1.273031411292208759e+02
-7.158000046466137967e+00
-1.269316254582926575e+02
-1.195578778396699136e+02
-1.322721071161009263e+02
-1.232976205524016393e+02
-1.225114255479440146e+02
-1.197433048730648721e+02
-2.384824707107339918e+02
-1.281660005229143735e+02
-4.999760750959079019e+02
-3.660791413260166109e+02
-1.224343175535458954e+02
-4.993805523819647760e+02
-1.261638415952501049e+02
-1.250910629343262173e+02
-1.253886055173347387e+02
-1.233533355769312152e+02
-2.432163522261718072e+02
-1.245180550515331674e+02
-1.348394691498673694e+02
-1.265125669882018684e+02
-1.675183865852027054e+02
-1.306225331643267111e+02
-1.334013163534969806e+02
-2.582388513378756443e+02
-1.304710369593892665e+02
-1.358637013512432645e+02
-1.342797533915587564e+02
-1.318564959827471057e+02
-1.358223288602831644e+02
-3.621342043345273964e+02
-9.810221849569376928e+00
-2.415807044902874452e+02
-2.517262375376201646e+02
-1.329203011335222016e+02
-1.353810002021538992e+02
-2.461665772711567115e+02
-1.172792498026922026e+01
-1.341634320109639589e+02
-2.577986534202278222e+02
-1.382581304712234669e+02
-3.735515507054437307e+02
-3.661852533006787098e+02
-3.574676073596077686e+02
-4.997278685599209780e+02
-2.547513412535830639e+02
-2.564181282653565859e+02
-1.402267366041254490e+02
-2.627659002973909992e+02
-2.551874564012728683e+02
-2.526456174762954277e+02
-1.403070690122521853e+02
-1.361013361099702195e+02
-3.797107150219312075e+02
-2.553295671237632121e+02
-1.392245133903136036e+02
-1.395589432040833060e+02
-2.853957537307645111e+02
-3.779199383481664540e+02
-6.637610593817687459e+02
-1.310010416132095372e+02
-2.601332323813165317e+02
-4.563766905086273482e+02
-3.865224191152606181e+02
-2.641624317192775493e+02
-3.777132069465374684e+02
-1.403214968607730384e+02
-2.595351952641539128e+02
-1.425657965534153107e+02
-3.945151369912807695e+02
-3.749075512246800486e+02
-1.981618391127334178e+01
-3.800450147297369767e+02
-2.668409013732463677e+02
-2.566017311777342798e+02
-2.650969814864551495e+02
-1.418251757147641854e+02
-2.578757813879608420e+02
-1.388289524262558245e+02
-2.679271717675835589e+02
-3.645448859574138964e+02
-3.677062832673863113e+02
-3.856664517102992136e+02
-3.860114259938949317e+02
-2.633638924881046819e+02
-1.302386077471566068e+02
-3.501529864951835407e+02
-1.416017031914599613e+02
-3.799783542038385349e+02
-2.660282940934665703e+02
-2.662854649226447918e+02
-2.617089373362703100e+02
-1.300875484084287734e+02
-4.681053673810683904e+02
-1.367754765901464680e+02
-1.484710175768569513e+02
-3.988978917702430067e+02
-3.831232656339518030e+02
-2.588324273745322444e+02
-2.495724451120316871e+02
-3.850036181725971005e+02
-1.415210948180792911e+02
-3.794884506808513720e+02
-2.608785104230484535e+02
-2.576569447576114840e+02
-4.719453325967993464e+02
-2.530685135135107657e+02
-3.925042299114148250e+02
-3.858248763420945124e+02
-5.027782323395067579e+02
-6.053965887347384296e+02
-9.492902112912534562e+01
-3.928274771029916224e+02
-5.365190961945535264e+02
-2.584285225690175594e+02
-2.640803351261833427e+02
-1.431590227131673885e+02
-2.650072151737080048e+02
-2.594016042383178728e+02
-6.080395043246785463e+02
-2.613463587173554288e+02
-2.673268961538477697e+02
-3.824831213134193604e+02
-2.813810745076065132e+02
-3.866715535494581673e+02
-5.043340991446805788e+02
-2.665169589676111741e+02
-1.315151849293246187e+02
-1.865957156854905818e+01
-4.887679420512631623e+02
-3.747324683327259436e+02
-3.751196678249791603e+02
-3.818081299886676447e+02
-5.674576660929393483e+02
-1.421527609786085122e+02
-1.773275700754443562e+01
-3.785243736957889951e+02
-3.754019589903500673e+02
-2.575844089910655725e+02
-2.566152789163243710e+02
-2.340016401565973752e+02
-1.469071535730935238e+02
-2.679747196445470649e+02
-2.635963890401349659e+02
-3.808180231467276258e+02
-1.388944432695380158e+02
-2.634279266215000916e+02
-1.423782079316451927e+02
-2.579690733583679503e+02
-3.773710841992696032e+02
-2.580493257469711921e+02
-1.192817218440416980e+02
-1.268967285334511956e+02
-2.283525813892620988e+02
-2.352359037138435554e+02
-1.247517453566193382e+02
-1.217702210435713113e+02
-1.290570198256789070e+02
-3.939217417268659460e+02
-2.339861602221839689e+02
-1.237049374312083927e+02
-2.409219334666881878e+02
-2.446304300667724476e+02
-2.544812549384321869e+02
-1.141573949047749039e+02
-1.269354887919987789e+02
-1.305059679061098450e+02
-1.189517224099185881e+02
-1.236566643026338710e+02
-1.238705347253285112e+02
-1.265983643067016402e+02
-1.209526797625890993e+02
-2.390114338385606914e+02
-2.276961814413489549e+02
-2.405079002794807650e+02
-1.184365628448621379e+02
-2.377085268544206826e+02
-1.256261681771666616e+02
-1.224005209213771508e+02
-1.256363815528489312e+02
-3.853617733552044911e+02
-1.221844459756131869e+02
-1.193711567202229702e+02
-1.194596120659754206e+02
-2.525366387795530798e+00
-1.262644323190838520e+02
-1.175644056990744843e+02
-3.785878864542618203e+02
-1.306446234094758267e+02
-2.623698070881029594e+02
-2.302584726088109903e+02
-4.882913134998778446e+02
-2.543406536776928988e+02
-2.419923338800674628e+02
-1.167277819875492924e+02
-2.457500472474587241e+02
-4.896120685067733120e+02
-1.333480737556958786e+02
-1.241331522498774262e+02
-1.319985596042655231e+02
-4.815032914426369075e+02
-2.627378582454413163e+02
-3.601431739902006939e+02
-3.675507415485297997e+02
-3.819375373840715611e+02
-3.687749532037198037e+02
-2.591602118498493610e+02
-2.560121719622750334e+02
-1.240498250843665886e+02
-2.505936671975750585e+02
-2.470719351186843653e+02
-3.764166548409658049e+02
-2.469905559528348533e+02
-1.318699204016817532e+02
-1.283457345437973629e+02
-1.287518728972300721e+02
-1.295083254667209758e+02
-2.541702448032521886e+02
-1.296965883664944670e+02
-1.286207887350540204e+02
-1.221918760537675723e+02
-5.272603100614951472e+02
-1.246192540434288958e+02
-2.422071401342294621e+02
-1.298588124283969307e+02
-1.282579261782845492e+02
-1.213392682758776999e+02
-5.786832478533739277e+00
-2.496840967663973174e+02
-2.508786802526808515e+02
-2.105232535005410188e+00
-1.283237787075904350e+02
-2.300928739687352902e+02
-2.323348028864295713e+02
-1.303620554425595230e+02
-1.181442724075751585e+02
-2.299761351479631060e+02
-2.411401226678089813e+02
-1.199404655884249564e+02
-1.254886839033391084e+02
-3.722683933839614046e+00
-2.397019156515155203e+02
-2.424405397585948947e+02
-3.106767421076638129e+02
-9.713848678566774808e+00
-3.528345849588435499e+02
-1.342601816705324893e+02
-1.324932013415978815e+02
-4.923311798615860084e+02
-2.289588426201376024e+02
-1.353315436794605944e+02
-2.256590933630138522e+02
-2.574991062933224839e+02
-3.300831509315534049e+02
-1.326776207351579160e+02
-2.294760675862081598e+02
-2.366441368777566652e+02
-6.429144852798162724e+00
-3.753883584256141717e+02
-1.227383954207452064e+02
-1.316683716155016555e+02
-1.267793228060985342e+02
-1.236138829853691874e+02
-6.323591856355833762e+00
-1.250336163007201833e+02
-3.559900057816488328e+00
-2.556416610733930384e+02
-1.304230199115822586e+02
-1.330166063129744884e+02
-1.348594632257395745e+02
-3.511220390549329409e+02
-2.473816414112357336e+02
-1.311788645712722712e+02
-2.594853048861255616e+02
-1.328416729048696823e+02
-2.617573154033772767e+02
-1.311605291244366356e+02
-3.745631928647899258e+02
-2.304268063467422962e+02
-3.726488515705572127e+02
-1.267783183056209992e+02
-2.404208846584189416e+02
-1.336754777063670758e+02
-2.503022632116145303e+02
-2.409768763001879961e+02
-1.222055155309793264e+02
-1.301484084753338664e+02
-3.800740045846646922e+02
-3.041246149976586253e+02
-2.612849501000202963e+02
-1.356670316437522956e+02
-2.585145399032105615e+02
-2.338720611052667095e+02
-2.444099218743863844e+02
-2.632697211131008430e+02
-4.847024855427713419e+02
-2.376185349151597563e+02
-2.421056228716211081e+02
-1.342984365459618914e+02
-3.867028463277540595e+02
-1.119996904589958753e+01
-2.382685228323591673e+02
-1.321186855802667992e+02
-1.301515896653098707e+02
-1.360103770228318467e+02
-1.360775815870885594e+02
-1.237155638899650825e+02
-5.846918654440994345e+00
-3.471172283507031580e+02
-1.349666258964275585e+02
-1.252070495545200686e+02
-6.409287705790770673e+00
-3.664857822680139066e+02
-2.266355513505791066e+02
-5.270945246539820772e+00
-5.049148118345246417e+02
-1.257349649848980278e+02
-2.612940333090521676e+02
-2.609702047086195194e+02
-1.323880447906415725e+02
-1.286926668163542615e+02
-4.999571046479337610e+02
-1.114579649893939362e+01
-2.324260737475990481e+02
-1.284178796324609095e+02
-2.495253128875403661e+02
-1.242118336209880880e+02
-1.400032537083764055e+02
-1.322749897614827432e+02
-2.268129915390523479e+02
-1.287034591851429752e+02
-2.350858904819624229e+02
-1.258046508844558105e+02
-1.175000593437662388e+02
-1.250161679370437469e+02
-2.005813463496162399e+02
-1.293055764194801895e+02
-2.530802250574807601e+02
-1.259196099343460844e+02
-1.324879930115849902e+02
-1.317470250705636374e+02
-1.280246075246377018e+02
-2.475818468120535272e+02
-2.493027264968353052e+02
-1.284570412276709988e+02
-1.274161044171172676e+02
-1.306750421443201731e+02
-1.333383497360006231e+02
-1.355827755692674828e+02
-1.317906571639774143e+02
-1.231854758334657873e+02
-1.285538086693132414e+02
-2.429057349948822946e+02
-3.337972197694090823e+02
-1.191603605388215215e+02
-1.299861141786037990e+02
-1.198518837319053887e+02
-1.290731366525242549e+02
-3.590598549996859106e+02
-1.309451923806149978e+02
-1.280257066760703424e+02
-5.114955385058927106e+00
-1.320312885657518791e+02
-2.857395965127202544e+02
-1.318418335834496986e+02
-3.157274645062411196e+02
-1.195745946204910268e+02
-1.305779135225716630e+02
-2.523685875723391803e+02
-1.246862544900539973e+02
-1.280776239464648825e+02
-2.453490028034624117e+02
-1.200179424694799053e+02
-5.549109451170817664e+00
-5.983373187358280276e+00
-2.327948249262738329e+02
-5.689720346402515894e+00
-1.254995030479225022e+02
-1.291475011393961267e+02
-2.279290522551988545e+02
-2.500359582070930173e+02
-2.550962355183017678e+02
-1.270580153839112967e+02
-2.608183618384310876e+02
